<<<<<<< HEAD
101
0 1 8 3 0 0 0
156 0 0 0 0 -1 0
236 0 0 0 1 0 0
300 1 28 40 0 0 0
376 0 0 0 0 -1 0
536 0 0 0 1 0 0
580 0 0 0 0 1 0
620 0 0 0 -1 0 0
652 0 0 0 0 -1 0
716 0 0 0 -1 0 0
748 0 0 0 0 1 0
796 0 0 0 1 0 0
836 0 0 0 0 -1 0
852 0 0 0 -1 0 0
888 0 0 0 0 -1 0
924 0 0 0 1 0 0
948 0 0 0 0 1 0
976 1 7 1 0 0 0
1004 0 0 0 -1 0 0
1100 0 0 0 0 1 0
1188 0 0 0 1 0 0
1200 0 0 0 0 1 0
1232 1 26 36 0 0 0
1372 0 0 0 1 0 0
1448 0 0 0 0 1 0
1448 1 37 10 0 0 0
1488 0 0 0 1 0 0
1532 0 0 0 0 -1 0
1668 1 21 11 0 0 0
1680 0 0 0 1 0 0
1720 0 0 0 0 1 0
1736 0 0 0 -1 0 0
1840 0 0 0 0 -1 0
1840 1 41 34 0 0 0
1872 0 0 0 1 0 0
1952 0 0 0 0 -1 0
2132 1 26 38 0 0 0
2180 0 0 0 -1 0 0
2236 0 0 0 0 1 0
2296 0 0 0 -1 0 0
2296 1 45 36 0 0 0
2340 0 0 0 0 -1 0
2364 0 0 0 1 0 0
2484 0 0 0 0 1 0
2528 0 0 0 -1 0 0
2548 0 0 0 0 -1 0
2580 0 0 0 1 0 0
2600 0 0 0 0 1 0
2636 0 0 0 -1 0 0
2664 0 0 0 0 -1 0
2692 0 0 0 1 0 0
2724 0 0 0 0 -1 0
2764 0 0 0 -1 0 0
2788 0 0 0 0 1 0
2824 0 0 0 1 0 0
2836 1 11 27 0 0 0
2864 0 0 0 0 -1 0
2908 0 0 0 -1 0 0
3072 0 0 0 0 1 0
3112 0 0 0 1 0 0
3132 0 0 0 0 -1 0
3168 0 0 0 -1 0 0
3192 0 0 0 0 1 0
3220 0 0 0 1 0 0
3248 0 0 0 0 -1 0
3268 0 0 0 -1 0 0
3288 0 0 0 0 -1 0
3288 1 48 25 0 0 0
3316 0 0 0 1 0 0
3464 0 0 0 0 1 0
3476 1 19 28 0 0 0
3520 0 0 0 1 0 0
3540 0 0 0 0 -1 0
3580 0 0 0 -1 0 0
3590 2 47 17 0 0 115
3705 2 20 24 0 0 164
3716 0 0 0 0 1 0
3724 1 17 18 0 0 0
3776 0 0 0 -1 0 0
3792 0 0 0 0 -1 0
3869 2 38 34 0 0 169
3884 0 0 0 1 0 0
3932 0 0 0 0 1 0
3944 0 0 0 -1 0 0
3980 0 0 0 0 -1 0
4012 0 0 0 -1 0 0
4024 0 0 0 0 1 0
4038 2 38 3 0 0 192
4068 0 0 0 1 0 0
4088 0 0 0 0 -1 0
4108 0 0 0 -1 0 0
4116 1 28 41 0 0 0
4230 2 6 7 0 0 101
4331 2 16 36 0 0 54
4385 2 17 11 0 0 156
4541 2 4 16 0 0 12
4553 2 9 1 0 0 22
4575 2 33 5 0 0 179
4754 2 39 8 0 0 112
4866 2 10 0 0 0 10
4876 2 41 18 0 0 31
=======
1
0 1 21 42 0 0 0
>>>>>>> 032c0821c74b8fe69a78c26c76948be94564b40a
